mine:

if symmetric:  True
diag:  [1. 1. 1. 1. 1. 1. 1. 1. 1. 1. 1. 1. 1. 1. 1. 1. 1. 1. 1. 1. 1. 1. 1. 1.
 1. 1. 1. 1. 1. 1. 1. 1. 1. 1. 1. 1. 1. 1. 1. 1. 1. 1. 1. 1. 1. 1. 1. 1.
 1. 1. 1. 1. 1. 1. 1. 1. 1. 1. 1. 1. 1. 1. 1. 1. 1. 1. 1. 1.]
sum diag < 0.1:  0
min, max diag:  1.0 1.0
mean x:  0.9449639567258331
min, max lambda:  (-1.1563146193980238e-15+0j) (64.31844814063015+0j)


jstsp:

if symmetric:  True
diag:  [1. 1. 1. 1. 1. 1. 1. 1. 1. 1. 1. 1. 1. 1. 1. 1. 1. 1. 1. 1. 1. 1. 1. 1.
 1. 1. 1. 1. 1. 1. 1. 1. 1. 1. 1. 1. 1. 1. 1. 1. 1. 1. 1. 1. 1. 1. 1. 1.
 1. 1. 1. 1. 1. 1. 1. 1. 1. 1. 1. 1. 1. 1. 1. 1. 1. 1. 1. 1.]
sum diag < 0.1:  0
min, max diag:  1.0 1.0
mean x:  0.9632407703418899
min, max lambda:  (-7.502900269338164e-16-3.0606423294452126e-17j) (65.53092059526354+0j)
